6
70
85
26
98
27
40
36
35
18
74
28
55
13
54
67
43
30
30
13
21
40
71
68
58
32
89
53
46
69
64
4
91
49
30
41
76
71
78
64
41
4
44
48
17
99
15
13
81
45
78
54
37
49
23
95
82
64
48
28
34
12
85
25
14
15
67
42
38
97
6
31
1
51
80
70
2
47
35
35
93
14
42
30
63
17
78
97
81
78
78
15
43
63
93
57
30
12
99
21
61
58
4
62
61
36
84
15
84
20
50
29
86
92
11
1
9
89
99
43
20
29
58
63
92
3
20
74
67
71
95
28
81
0
42
42
36
79
57
72
51
60
1
37
4
65
38
66
54
89
9
74
18
19
89
62
23
9
37
42
33
84
71
14
84
13
9
73
92
18
45
43
30
99
32
35
64
71
1
70
60
62
97
31
81
86
93
56
48
30
99
81
15
70
47
51
35
8
24
80
79
22
23
9
73
56
44
37
79
97
59
91
59
56
22
93
43
16
49
43
98
48
76
13
70
23
65
58
84
41
38
63
15
13
24
88
21
21
77
0
18
37
92
30
93
66
23
88
82
24
31
81
25
7
46
95
83
63
5
19
57
43
34
72
57
58
61
78
79
90
31
50
27
75
32
73
41
7
61
76
31
45
9
56
4
55
4
39
19
9
58
28
53
92
0
62
3
13
40
34
4
23
84
31
98
16
4
92
75
18
68
7
63
29
15
19
84
19
59
55
29
69
83
34
62
36
96
17
49
88
51
5
64
36
89
62
4
93
6
80
63
26
39
78
55
54
98
40
74
57
47
55
26
31
41
40
19
89
57
68
77
61
74
93
49
63
8
53
8
14
85
72
41
76
2
96
31
0
88
57
9
36
12
88
19
5
28
38
94
38
58
71
99
84
65
0
99
25
5
8
39
91
32
32
19
34
29
50
87
69
7
96
57
71
84
28
76
65
18
70
55
77
94
6
13
11
6
13
36
11
21
27
54
5
60
74
91
41
76
30
10
36
27
68
59
63
48
88
80
67
10
35
96
4
93
9
67
99
22
55
63
95
83
69
0
95
95
44
36
72
74
98
60
53
18
19
69
67
7
1
34
18
89
30
74
82
39
94
34
14
49
97
9
84
18
62
79
14
58
67
86
32
66
46
38
84
17
59
51
25
60
37
95
49
67
21
84
59
15
18
73
65
67
34
1
85
96
81
99
54
48
37
39
14
35
29
51
5
88
2
82
48
40
77
50
59
98
34
18
14
52
43
31
71
78
32
56
26
65
8
81
66
97
72
32
85
1
83
90
89
86
72
89
26
1
39
37
99
73
8
65
77
51
48
48
81
33
57
8
98
17
41
64
14
13
97
51
66
80
41
55
18
65
96
96
66
36
34
18
61
42
35
39
45
84
39
27
17
48
87
67
65
80
84
32
45
33
83
11
13
77
18
84
42
14
80
61
50
66
79
64
8
66
3
6
50
94
85
19
43
72
39
60
52
23
92
49
56
28
60
21
5
78
5
99
92
38
60
95
4
91
59
65
58
14
71
8
60
56
80
3
80
71
16
84
94
60
33
2
88
45
75
45
75
81
45
67
71
57
14
27
49
25
92
7
39
15
67
0
23
99
55
55
70
71
39
64
32
24
18
72
21
94
18
96
27
15
16
98
72
30
25
73
56
70
32
47
37
0
47
61
99
3
16
22
26
8
86
10
84
57
83
6
51
53
2
78
68
18
28
92
1
5
18
57
75
50
4
13
50
4
26
2
59
94
24
85
54
62
96
91
71
31
49
22
84
51
52
4
22
80
48
75
86
66
84
13
17
40
78
19
44
4
73
3
51
49
41
5
64
89
48
35
20
97
58
56
1
62
60
23
43
60
50
81
27
34
94
96
74
73
15
19
29
41
74
80
90
67
38
6
56
86
42
28
36
52
36
37
14
48
12
57
9
62
90
36
96
85
84
22
10
51
41
39
92
68
72
35
35
62
41
44
0
83
24
36
87
61
73
2
9
37
11
70
99
2
6
47
39
42
70
49
94
63
40
86
31
12
21
19
26
15
63
27
50
87
15
38
0
89
40
62
78
51
32
78
5
91
25
44
33
47
93
27
11
34
66
42
98
39
61
25
54
76
52
5
16
19
43
16
8
83
78
87
86
11
17
44
54
94
88
87
42
82
15
53
68
81
47
66
20
61
91
27
37
95
32
53
15
27
70
75
62
0
14
48
11
83
92
17
78
33
5
72
15
72
25
35
5
24
1
25
85
45
4
23
92
36
76
